[/usr/share/plasma/desktoptheme/default/widgets/background.svgz]
10910927401990746006=34,19,4,8
11193327899677490378=45.000012,18.99999999999997,12.000000000000007,12
12354708529709703523=49,49,8,4
12970243975334134109=28,61,4,14
13463385684743518641=45.00001,62.99939,12,12.000610000000002
14453570543357494327=1,44.062355,14,4
17176833993291621291=5,8.625,5,4.375
17289160111231052919=43,44,14,4
17344483604685946985=34,67,4,8
3000699782253531073=1.000012,18.99999999999997,12.000453,12
3887848652544518046=13.00001200692786,63.00000000000003,32.00045319307214,11.999799999999993
6504922908334421649=1.0000119999999981,62.99939,12.000453,12.000610000000002
6533067773252393605=1,49,8,4
7007072623635364737=13.00001199313462,19,32.00045120686538,11.999400000000009
7720559367534689931=45.000465000000005,30.999396500000046,11.999541999999991,32.000591269239976
8149826257123319852=1.00000399999999,30.999396500000046,12.000001999999995,32.000591269239976
9404489565087319033=13.00045599999999,30.99938283906272,31.999997999999987,32.00000062694244
9814959215357170023=28,19,4,14
Invalidelements=2325952504,2543749241,2801489590,3232387035
LastModified=1747609119
NaturalSize=148,148

[/usr/share/plasma/desktoptheme/default/widgets/clock.svgz]
10185431934175706186=-55,95,10,10
10553198482362451380=-265.82643600000006,29.173559500000017,141.65288100000004,141.652881
11077392435758282564=61.999996241684336,94.00000068799342,12.00000393505021,84.99999953993908
11464551570977650595=31.00000101164622,90.99999647705567,17.99999993407026,64.00000776558309
17432400533806078283=-7.000030000000038,-6.999990000000025,214,214
5500522579366373802=100,70,4,2
Invalidelements=1905991003,2412041173,858438395,2156996377,3324044056
LastModified=1747609119
NaturalSize=200,200
